{
 "cells": [
  {
   "cell_type": "markdown",
   "id": "6f0a892a-c947-4965-be18-63e62ac2aa09",
   "metadata": {
    "tags": []
   },
   "source": [
    "# Load Data"
   ]
  },
  {
   "cell_type": "code",
   "execution_count": 132,
   "id": "36d8bb35-47c6-4ec2-9bb6-ef51fe60fa7c",
   "metadata": {
    "tags": []
   },
   "outputs": [
    {
     "name": "stdout",
     "output_type": "stream",
     "text": [
      ".\\6722-credit-card-default-data_2.csv\n"
     ]
    },
    {
     "data": {
      "text/html": [
       "<div>\n",
       "<style scoped>\n",
       "    .dataframe tbody tr th:only-of-type {\n",
       "        vertical-align: middle;\n",
       "    }\n",
       "\n",
       "    .dataframe tbody tr th {\n",
       "        vertical-align: top;\n",
       "    }\n",
       "\n",
       "    .dataframe thead th {\n",
       "        text-align: right;\n",
       "    }\n",
       "</style>\n",
       "<table border=\"1\" class=\"dataframe\">\n",
       "  <thead>\n",
       "    <tr style=\"text-align: right;\">\n",
       "      <th></th>\n",
       "      <th>ID</th>\n",
       "      <th>LIMIT_BAL</th>\n",
       "      <th>SEX</th>\n",
       "      <th>EDUCATION</th>\n",
       "      <th>MARRIAGE</th>\n",
       "      <th>AGE</th>\n",
       "      <th>PAY_1</th>\n",
       "      <th>PAY_2</th>\n",
       "      <th>PAY_3</th>\n",
       "      <th>PAY_4</th>\n",
       "      <th>PAY_5</th>\n",
       "      <th>PAY_6</th>\n",
       "      <th>BILL_AMT1</th>\n",
       "      <th>BILL_AMT2</th>\n",
       "      <th>BILL_AMT3</th>\n",
       "      <th>BILL_AMT4</th>\n",
       "      <th>BILL_AMT5</th>\n",
       "      <th>BILL_AMT6</th>\n",
       "      <th>PAY_AMT1</th>\n",
       "      <th>PAY_AMT2</th>\n",
       "      <th>PAY_AMT3</th>\n",
       "      <th>PAY_AMT4</th>\n",
       "      <th>PAY_AMT5</th>\n",
       "      <th>PAY_AMT6</th>\n",
       "      <th>DEFAULT</th>\n",
       "    </tr>\n",
       "  </thead>\n",
       "  <tbody>\n",
       "    <tr>\n",
       "      <th>ID</th>\n",
       "      <td>1.000000</td>\n",
       "      <td>0.024071</td>\n",
       "      <td>0.018563</td>\n",
       "      <td>0.039702</td>\n",
       "      <td>-0.024306</td>\n",
       "      <td>0.016926</td>\n",
       "      <td>-0.024206</td>\n",
       "      <td>-0.003334</td>\n",
       "      <td>-0.012964</td>\n",
       "      <td>-0.000423</td>\n",
       "      <td>-0.019874</td>\n",
       "      <td>-0.014592</td>\n",
       "      <td>0.025850</td>\n",
       "      <td>0.023956</td>\n",
       "      <td>0.028996</td>\n",
       "      <td>0.045557</td>\n",
       "      <td>0.023100</td>\n",
       "      <td>0.022590</td>\n",
       "      <td>0.014663</td>\n",
       "      <td>0.008746</td>\n",
       "      <td>0.037264</td>\n",
       "      <td>0.011369</td>\n",
       "      <td>-0.001051</td>\n",
       "      <td>0.001567</td>\n",
       "      <td>-0.013163</td>\n",
       "    </tr>\n",
       "    <tr>\n",
       "      <th>LIMIT_BAL</th>\n",
       "      <td>0.024071</td>\n",
       "      <td>1.000000</td>\n",
       "      <td>0.021180</td>\n",
       "      <td>-0.218270</td>\n",
       "      <td>-0.101714</td>\n",
       "      <td>0.144507</td>\n",
       "      <td>-0.268426</td>\n",
       "      <td>-0.294676</td>\n",
       "      <td>-0.284380</td>\n",
       "      <td>-0.265448</td>\n",
       "      <td>-0.247575</td>\n",
       "      <td>-0.233043</td>\n",
       "      <td>0.280714</td>\n",
       "      <td>0.274099</td>\n",
       "      <td>0.278666</td>\n",
       "      <td>0.290353</td>\n",
       "      <td>0.290489</td>\n",
       "      <td>0.286108</td>\n",
       "      <td>0.193520</td>\n",
       "      <td>0.173436</td>\n",
       "      <td>0.205204</td>\n",
       "      <td>0.199620</td>\n",
       "      <td>0.218101</td>\n",
       "      <td>0.218140</td>\n",
       "      <td>-0.150709</td>\n",
       "    </tr>\n",
       "    <tr>\n",
       "      <th>SEX</th>\n",
       "      <td>0.018563</td>\n",
       "      <td>0.021180</td>\n",
       "      <td>1.000000</td>\n",
       "      <td>0.012263</td>\n",
       "      <td>-0.026336</td>\n",
       "      <td>-0.101431</td>\n",
       "      <td>-0.055700</td>\n",
       "      <td>-0.069304</td>\n",
       "      <td>-0.068161</td>\n",
       "      <td>-0.060089</td>\n",
       "      <td>-0.053890</td>\n",
       "      <td>-0.045049</td>\n",
       "      <td>-0.029638</td>\n",
       "      <td>-0.029080</td>\n",
       "      <td>-0.021676</td>\n",
       "      <td>-0.019951</td>\n",
       "      <td>-0.013580</td>\n",
       "      <td>-0.013299</td>\n",
       "      <td>0.000644</td>\n",
       "      <td>0.001298</td>\n",
       "      <td>-0.010413</td>\n",
       "      <td>0.000425</td>\n",
       "      <td>-0.000465</td>\n",
       "      <td>-0.003797</td>\n",
       "      <td>-0.042947</td>\n",
       "    </tr>\n",
       "    <tr>\n",
       "      <th>EDUCATION</th>\n",
       "      <td>0.039702</td>\n",
       "      <td>-0.218270</td>\n",
       "      <td>0.012263</td>\n",
       "      <td>1.000000</td>\n",
       "      <td>-0.145358</td>\n",
       "      <td>0.176561</td>\n",
       "      <td>0.104571</td>\n",
       "      <td>0.119802</td>\n",
       "      <td>0.110544</td>\n",
       "      <td>0.106165</td>\n",
       "      <td>0.095527</td>\n",
       "      <td>0.078108</td>\n",
       "      <td>0.023352</td>\n",
       "      <td>0.016922</td>\n",
       "      <td>0.011345</td>\n",
       "      <td>-0.000030</td>\n",
       "      <td>-0.008038</td>\n",
       "      <td>-0.009181</td>\n",
       "      <td>-0.035289</td>\n",
       "      <td>-0.031329</td>\n",
       "      <td>-0.040020</td>\n",
       "      <td>-0.041435</td>\n",
       "      <td>-0.040332</td>\n",
       "      <td>-0.037872</td>\n",
       "      <td>0.026885</td>\n",
       "    </tr>\n",
       "    <tr>\n",
       "      <th>MARRIAGE</th>\n",
       "      <td>-0.024306</td>\n",
       "      <td>-0.101714</td>\n",
       "      <td>-0.026336</td>\n",
       "      <td>-0.145358</td>\n",
       "      <td>1.000000</td>\n",
       "      <td>-0.416894</td>\n",
       "      <td>0.019407</td>\n",
       "      <td>0.022402</td>\n",
       "      <td>0.033555</td>\n",
       "      <td>0.032382</td>\n",
       "      <td>0.036423</td>\n",
       "      <td>0.035385</td>\n",
       "      <td>-0.022476</td>\n",
       "      <td>-0.019796</td>\n",
       "      <td>-0.023555</td>\n",
       "      <td>-0.020691</td>\n",
       "      <td>-0.024526</td>\n",
       "      <td>-0.019138</td>\n",
       "      <td>-0.005835</td>\n",
       "      <td>-0.006871</td>\n",
       "      <td>-0.001834</td>\n",
       "      <td>-0.012067</td>\n",
       "      <td>-0.000706</td>\n",
       "      <td>-0.002401</td>\n",
       "      <td>-0.024888</td>\n",
       "    </tr>\n",
       "    <tr>\n",
       "      <th>AGE</th>\n",
       "      <td>0.016926</td>\n",
       "      <td>0.144507</td>\n",
       "      <td>-0.101431</td>\n",
       "      <td>0.176561</td>\n",
       "      <td>-0.416894</td>\n",
       "      <td>1.000000</td>\n",
       "      <td>-0.042074</td>\n",
       "      <td>-0.048828</td>\n",
       "      <td>-0.052082</td>\n",
       "      <td>-0.048990</td>\n",
       "      <td>-0.057105</td>\n",
       "      <td>-0.053873</td>\n",
       "      <td>0.057860</td>\n",
       "      <td>0.055817</td>\n",
       "      <td>0.054577</td>\n",
       "      <td>0.052435</td>\n",
       "      <td>0.049805</td>\n",
       "      <td>0.047265</td>\n",
       "      <td>0.026669</td>\n",
       "      <td>0.022704</td>\n",
       "      <td>0.030798</td>\n",
       "      <td>0.020158</td>\n",
       "      <td>0.018961</td>\n",
       "      <td>0.022430</td>\n",
       "      <td>0.013450</td>\n",
       "    </tr>\n",
       "    <tr>\n",
       "      <th>PAY_1</th>\n",
       "      <td>-0.024206</td>\n",
       "      <td>-0.268426</td>\n",
       "      <td>-0.055700</td>\n",
       "      <td>0.104571</td>\n",
       "      <td>0.019407</td>\n",
       "      <td>-0.042074</td>\n",
       "      <td>1.000000</td>\n",
       "      <td>0.671551</td>\n",
       "      <td>0.571972</td>\n",
       "      <td>0.539503</td>\n",
       "      <td>0.510225</td>\n",
       "      <td>0.472995</td>\n",
       "      <td>0.190826</td>\n",
       "      <td>0.192881</td>\n",
       "      <td>0.183251</td>\n",
       "      <td>0.184385</td>\n",
       "      <td>0.185452</td>\n",
       "      <td>0.181012</td>\n",
       "      <td>-0.077027</td>\n",
       "      <td>-0.064965</td>\n",
       "      <td>-0.064386</td>\n",
       "      <td>-0.066933</td>\n",
       "      <td>-0.055933</td>\n",
       "      <td>-0.055712</td>\n",
       "      <td>0.323410</td>\n",
       "    </tr>\n",
       "    <tr>\n",
       "      <th>PAY_2</th>\n",
       "      <td>-0.003334</td>\n",
       "      <td>-0.294676</td>\n",
       "      <td>-0.069304</td>\n",
       "      <td>0.119802</td>\n",
       "      <td>0.022402</td>\n",
       "      <td>-0.048828</td>\n",
       "      <td>0.671551</td>\n",
       "      <td>1.000000</td>\n",
       "      <td>0.765295</td>\n",
       "      <td>0.660569</td>\n",
       "      <td>0.622181</td>\n",
       "      <td>0.576507</td>\n",
       "      <td>0.235201</td>\n",
       "      <td>0.235162</td>\n",
       "      <td>0.223533</td>\n",
       "      <td>0.223473</td>\n",
       "      <td>0.222790</td>\n",
       "      <td>0.221099</td>\n",
       "      <td>-0.079226</td>\n",
       "      <td>-0.057988</td>\n",
       "      <td>-0.051197</td>\n",
       "      <td>-0.047229</td>\n",
       "      <td>-0.035467</td>\n",
       "      <td>-0.033829</td>\n",
       "      <td>0.259680</td>\n",
       "    </tr>\n",
       "    <tr>\n",
       "      <th>PAY_3</th>\n",
       "      <td>-0.012964</td>\n",
       "      <td>-0.284380</td>\n",
       "      <td>-0.068161</td>\n",
       "      <td>0.110544</td>\n",
       "      <td>0.033555</td>\n",
       "      <td>-0.052082</td>\n",
       "      <td>0.571972</td>\n",
       "      <td>0.765295</td>\n",
       "      <td>1.000000</td>\n",
       "      <td>0.778626</td>\n",
       "      <td>0.687794</td>\n",
       "      <td>0.634889</td>\n",
       "      <td>0.207607</td>\n",
       "      <td>0.236877</td>\n",
       "      <td>0.226833</td>\n",
       "      <td>0.228636</td>\n",
       "      <td>0.226740</td>\n",
       "      <td>0.224067</td>\n",
       "      <td>0.004302</td>\n",
       "      <td>-0.063477</td>\n",
       "      <td>-0.047507</td>\n",
       "      <td>-0.046759</td>\n",
       "      <td>-0.035829</td>\n",
       "      <td>-0.034050</td>\n",
       "      <td>0.234374</td>\n",
       "    </tr>\n",
       "    <tr>\n",
       "      <th>PAY_4</th>\n",
       "      <td>-0.000423</td>\n",
       "      <td>-0.265448</td>\n",
       "      <td>-0.060089</td>\n",
       "      <td>0.106165</td>\n",
       "      <td>0.032382</td>\n",
       "      <td>-0.048990</td>\n",
       "      <td>0.539503</td>\n",
       "      <td>0.660569</td>\n",
       "      <td>0.778626</td>\n",
       "      <td>1.000000</td>\n",
       "      <td>0.818549</td>\n",
       "      <td>0.716921</td>\n",
       "      <td>0.202837</td>\n",
       "      <td>0.226135</td>\n",
       "      <td>0.245822</td>\n",
       "      <td>0.247250</td>\n",
       "      <td>0.244604</td>\n",
       "      <td>0.240982</td>\n",
       "      <td>-0.007009</td>\n",
       "      <td>-0.002460</td>\n",
       "      <td>-0.068376</td>\n",
       "      <td>-0.043696</td>\n",
       "      <td>-0.033070</td>\n",
       "      <td>-0.026423</td>\n",
       "      <td>0.216989</td>\n",
       "    </tr>\n",
       "    <tr>\n",
       "      <th>PAY_5</th>\n",
       "      <td>-0.019874</td>\n",
       "      <td>-0.247575</td>\n",
       "      <td>-0.053890</td>\n",
       "      <td>0.095527</td>\n",
       "      <td>0.036423</td>\n",
       "      <td>-0.057105</td>\n",
       "      <td>0.510225</td>\n",
       "      <td>0.622181</td>\n",
       "      <td>0.687794</td>\n",
       "      <td>0.818549</td>\n",
       "      <td>1.000000</td>\n",
       "      <td>0.815373</td>\n",
       "      <td>0.207503</td>\n",
       "      <td>0.227797</td>\n",
       "      <td>0.243881</td>\n",
       "      <td>0.273299</td>\n",
       "      <td>0.271816</td>\n",
       "      <td>0.264483</td>\n",
       "      <td>-0.004656</td>\n",
       "      <td>-0.003471</td>\n",
       "      <td>0.010366</td>\n",
       "      <td>-0.058308</td>\n",
       "      <td>-0.033591</td>\n",
       "      <td>-0.022649</td>\n",
       "      <td>0.206612</td>\n",
       "    </tr>\n",
       "    <tr>\n",
       "      <th>PAY_6</th>\n",
       "      <td>-0.014592</td>\n",
       "      <td>-0.233043</td>\n",
       "      <td>-0.045049</td>\n",
       "      <td>0.078108</td>\n",
       "      <td>0.035385</td>\n",
       "      <td>-0.053873</td>\n",
       "      <td>0.472995</td>\n",
       "      <td>0.576507</td>\n",
       "      <td>0.634889</td>\n",
       "      <td>0.716921</td>\n",
       "      <td>0.815373</td>\n",
       "      <td>1.000000</td>\n",
       "      <td>0.209373</td>\n",
       "      <td>0.228774</td>\n",
       "      <td>0.242757</td>\n",
       "      <td>0.268077</td>\n",
       "      <td>0.294056</td>\n",
       "      <td>0.287958</td>\n",
       "      <td>-0.001568</td>\n",
       "      <td>-0.004180</td>\n",
       "      <td>0.006709</td>\n",
       "      <td>0.021646</td>\n",
       "      <td>-0.045611</td>\n",
       "      <td>-0.023857</td>\n",
       "      <td>0.189304</td>\n",
       "    </tr>\n",
       "    <tr>\n",
       "      <th>BILL_AMT1</th>\n",
       "      <td>0.025850</td>\n",
       "      <td>0.280714</td>\n",
       "      <td>-0.029638</td>\n",
       "      <td>0.023352</td>\n",
       "      <td>-0.022476</td>\n",
       "      <td>0.057860</td>\n",
       "      <td>0.190826</td>\n",
       "      <td>0.235201</td>\n",
       "      <td>0.207607</td>\n",
       "      <td>0.202837</td>\n",
       "      <td>0.207503</td>\n",
       "      <td>0.209373</td>\n",
       "      <td>1.000000</td>\n",
       "      <td>0.950219</td>\n",
       "      <td>0.888416</td>\n",
       "      <td>0.862168</td>\n",
       "      <td>0.830750</td>\n",
       "      <td>0.802783</td>\n",
       "      <td>0.135452</td>\n",
       "      <td>0.094935</td>\n",
       "      <td>0.160871</td>\n",
       "      <td>0.148900</td>\n",
       "      <td>0.169956</td>\n",
       "      <td>0.183097</td>\n",
       "      <td>-0.017452</td>\n",
       "    </tr>\n",
       "    <tr>\n",
       "      <th>BILL_AMT2</th>\n",
       "      <td>0.023956</td>\n",
       "      <td>0.274099</td>\n",
       "      <td>-0.029080</td>\n",
       "      <td>0.016922</td>\n",
       "      <td>-0.019796</td>\n",
       "      <td>0.055817</td>\n",
       "      <td>0.192881</td>\n",
       "      <td>0.235162</td>\n",
       "      <td>0.236877</td>\n",
       "      <td>0.226135</td>\n",
       "      <td>0.227797</td>\n",
       "      <td>0.228774</td>\n",
       "      <td>0.950219</td>\n",
       "      <td>1.000000</td>\n",
       "      <td>0.924346</td>\n",
       "      <td>0.894234</td>\n",
       "      <td>0.861227</td>\n",
       "      <td>0.831912</td>\n",
       "      <td>0.277552</td>\n",
       "      <td>0.099875</td>\n",
       "      <td>0.155743</td>\n",
       "      <td>0.139022</td>\n",
       "      <td>0.157647</td>\n",
       "      <td>0.176821</td>\n",
       "      <td>-0.012030</td>\n",
       "    </tr>\n",
       "    <tr>\n",
       "      <th>BILL_AMT3</th>\n",
       "      <td>0.028996</td>\n",
       "      <td>0.278666</td>\n",
       "      <td>-0.021676</td>\n",
       "      <td>0.011345</td>\n",
       "      <td>-0.023555</td>\n",
       "      <td>0.054577</td>\n",
       "      <td>0.183251</td>\n",
       "      <td>0.223533</td>\n",
       "      <td>0.226833</td>\n",
       "      <td>0.245822</td>\n",
       "      <td>0.243881</td>\n",
       "      <td>0.242757</td>\n",
       "      <td>0.888416</td>\n",
       "      <td>0.924346</td>\n",
       "      <td>1.000000</td>\n",
       "      <td>0.922760</td>\n",
       "      <td>0.881058</td>\n",
       "      <td>0.850057</td>\n",
       "      <td>0.242581</td>\n",
       "      <td>0.322652</td>\n",
       "      <td>0.129066</td>\n",
       "      <td>0.136271</td>\n",
       "      <td>0.183845</td>\n",
       "      <td>0.185783</td>\n",
       "      <td>-0.011895</td>\n",
       "    </tr>\n",
       "    <tr>\n",
       "      <th>BILL_AMT4</th>\n",
       "      <td>0.045557</td>\n",
       "      <td>0.290353</td>\n",
       "      <td>-0.019951</td>\n",
       "      <td>-0.000030</td>\n",
       "      <td>-0.020691</td>\n",
       "      <td>0.052435</td>\n",
       "      <td>0.184385</td>\n",
       "      <td>0.223473</td>\n",
       "      <td>0.228636</td>\n",
       "      <td>0.247250</td>\n",
       "      <td>0.273299</td>\n",
       "      <td>0.268077</td>\n",
       "      <td>0.862168</td>\n",
       "      <td>0.894234</td>\n",
       "      <td>0.922760</td>\n",
       "      <td>1.000000</td>\n",
       "      <td>0.939470</td>\n",
       "      <td>0.899059</td>\n",
       "      <td>0.231003</td>\n",
       "      <td>0.198060</td>\n",
       "      <td>0.295443</td>\n",
       "      <td>0.125399</td>\n",
       "      <td>0.159408</td>\n",
       "      <td>0.183790</td>\n",
       "      <td>-0.007834</td>\n",
       "    </tr>\n",
       "    <tr>\n",
       "      <th>BILL_AMT5</th>\n",
       "      <td>0.023100</td>\n",
       "      <td>0.290489</td>\n",
       "      <td>-0.013580</td>\n",
       "      <td>-0.008038</td>\n",
       "      <td>-0.024526</td>\n",
       "      <td>0.049805</td>\n",
       "      <td>0.185452</td>\n",
       "      <td>0.222790</td>\n",
       "      <td>0.226740</td>\n",
       "      <td>0.244604</td>\n",
       "      <td>0.271816</td>\n",
       "      <td>0.294056</td>\n",
       "      <td>0.830750</td>\n",
       "      <td>0.861227</td>\n",
       "      <td>0.881058</td>\n",
       "      <td>0.939470</td>\n",
       "      <td>1.000000</td>\n",
       "      <td>0.945295</td>\n",
       "      <td>0.216162</td>\n",
       "      <td>0.169914</td>\n",
       "      <td>0.250492</td>\n",
       "      <td>0.287830</td>\n",
       "      <td>0.139852</td>\n",
       "      <td>0.165296</td>\n",
       "      <td>-0.003082</td>\n",
       "    </tr>\n",
       "    <tr>\n",
       "      <th>BILL_AMT6</th>\n",
       "      <td>0.022590</td>\n",
       "      <td>0.286108</td>\n",
       "      <td>-0.013299</td>\n",
       "      <td>-0.009181</td>\n",
       "      <td>-0.019138</td>\n",
       "      <td>0.047265</td>\n",
       "      <td>0.181012</td>\n",
       "      <td>0.221099</td>\n",
       "      <td>0.224067</td>\n",
       "      <td>0.240982</td>\n",
       "      <td>0.264483</td>\n",
       "      <td>0.287958</td>\n",
       "      <td>0.802783</td>\n",
       "      <td>0.831912</td>\n",
       "      <td>0.850057</td>\n",
       "      <td>0.899059</td>\n",
       "      <td>0.945295</td>\n",
       "      <td>1.000000</td>\n",
       "      <td>0.198270</td>\n",
       "      <td>0.166230</td>\n",
       "      <td>0.233599</td>\n",
       "      <td>0.240701</td>\n",
       "      <td>0.307594</td>\n",
       "      <td>0.116678</td>\n",
       "      <td>-0.002574</td>\n",
       "    </tr>\n",
       "    <tr>\n",
       "      <th>PAY_AMT1</th>\n",
       "      <td>0.014663</td>\n",
       "      <td>0.193520</td>\n",
       "      <td>0.000644</td>\n",
       "      <td>-0.035289</td>\n",
       "      <td>-0.005835</td>\n",
       "      <td>0.026669</td>\n",
       "      <td>-0.077027</td>\n",
       "      <td>-0.079226</td>\n",
       "      <td>0.004302</td>\n",
       "      <td>-0.007009</td>\n",
       "      <td>-0.004656</td>\n",
       "      <td>-0.001568</td>\n",
       "      <td>0.135452</td>\n",
       "      <td>0.277552</td>\n",
       "      <td>0.242581</td>\n",
       "      <td>0.231003</td>\n",
       "      <td>0.216162</td>\n",
       "      <td>0.198270</td>\n",
       "      <td>1.000000</td>\n",
       "      <td>0.298655</td>\n",
       "      <td>0.259541</td>\n",
       "      <td>0.215472</td>\n",
       "      <td>0.146370</td>\n",
       "      <td>0.188280</td>\n",
       "      <td>-0.070321</td>\n",
       "    </tr>\n",
       "    <tr>\n",
       "      <th>PAY_AMT2</th>\n",
       "      <td>0.008746</td>\n",
       "      <td>0.173436</td>\n",
       "      <td>0.001298</td>\n",
       "      <td>-0.031329</td>\n",
       "      <td>-0.006871</td>\n",
       "      <td>0.022704</td>\n",
       "      <td>-0.064965</td>\n",
       "      <td>-0.057988</td>\n",
       "      <td>-0.063477</td>\n",
       "      <td>-0.002460</td>\n",
       "      <td>-0.003471</td>\n",
       "      <td>-0.004180</td>\n",
       "      <td>0.094935</td>\n",
       "      <td>0.099875</td>\n",
       "      <td>0.322652</td>\n",
       "      <td>0.198060</td>\n",
       "      <td>0.169914</td>\n",
       "      <td>0.166230</td>\n",
       "      <td>0.298655</td>\n",
       "      <td>1.000000</td>\n",
       "      <td>0.248686</td>\n",
       "      <td>0.193609</td>\n",
       "      <td>0.193218</td>\n",
       "      <td>0.156789</td>\n",
       "      <td>-0.055658</td>\n",
       "    </tr>\n",
       "    <tr>\n",
       "      <th>PAY_AMT3</th>\n",
       "      <td>0.037264</td>\n",
       "      <td>0.205204</td>\n",
       "      <td>-0.010413</td>\n",
       "      <td>-0.040020</td>\n",
       "      <td>-0.001834</td>\n",
       "      <td>0.030798</td>\n",
       "      <td>-0.064386</td>\n",
       "      <td>-0.051197</td>\n",
       "      <td>-0.047507</td>\n",
       "      <td>-0.068376</td>\n",
       "      <td>0.010366</td>\n",
       "      <td>0.006709</td>\n",
       "      <td>0.160871</td>\n",
       "      <td>0.155743</td>\n",
       "      <td>0.129066</td>\n",
       "      <td>0.295443</td>\n",
       "      <td>0.250492</td>\n",
       "      <td>0.233599</td>\n",
       "      <td>0.259541</td>\n",
       "      <td>0.248686</td>\n",
       "      <td>1.000000</td>\n",
       "      <td>0.232655</td>\n",
       "      <td>0.159530</td>\n",
       "      <td>0.168699</td>\n",
       "      <td>-0.053787</td>\n",
       "    </tr>\n",
       "    <tr>\n",
       "      <th>PAY_AMT4</th>\n",
       "      <td>0.011369</td>\n",
       "      <td>0.199620</td>\n",
       "      <td>0.000425</td>\n",
       "      <td>-0.041435</td>\n",
       "      <td>-0.012067</td>\n",
       "      <td>0.020158</td>\n",
       "      <td>-0.066933</td>\n",
       "      <td>-0.047229</td>\n",
       "      <td>-0.046759</td>\n",
       "      <td>-0.043696</td>\n",
       "      <td>-0.058308</td>\n",
       "      <td>0.021646</td>\n",
       "      <td>0.148900</td>\n",
       "      <td>0.139022</td>\n",
       "      <td>0.136271</td>\n",
       "      <td>0.125399</td>\n",
       "      <td>0.287830</td>\n",
       "      <td>0.240701</td>\n",
       "      <td>0.215472</td>\n",
       "      <td>0.193609</td>\n",
       "      <td>0.232655</td>\n",
       "      <td>1.000000</td>\n",
       "      <td>0.149288</td>\n",
       "      <td>0.155415</td>\n",
       "      <td>-0.058028</td>\n",
       "    </tr>\n",
       "    <tr>\n",
       "      <th>PAY_AMT5</th>\n",
       "      <td>-0.001051</td>\n",
       "      <td>0.218101</td>\n",
       "      <td>-0.000465</td>\n",
       "      <td>-0.040332</td>\n",
       "      <td>-0.000706</td>\n",
       "      <td>0.018961</td>\n",
       "      <td>-0.055933</td>\n",
       "      <td>-0.035467</td>\n",
       "      <td>-0.035829</td>\n",
       "      <td>-0.033070</td>\n",
       "      <td>-0.033591</td>\n",
       "      <td>-0.045611</td>\n",
       "      <td>0.169956</td>\n",
       "      <td>0.157647</td>\n",
       "      <td>0.183845</td>\n",
       "      <td>0.159408</td>\n",
       "      <td>0.139852</td>\n",
       "      <td>0.307594</td>\n",
       "      <td>0.146370</td>\n",
       "      <td>0.193218</td>\n",
       "      <td>0.159530</td>\n",
       "      <td>0.149288</td>\n",
       "      <td>1.000000</td>\n",
       "      <td>0.155918</td>\n",
       "      <td>-0.056323</td>\n",
       "    </tr>\n",
       "    <tr>\n",
       "      <th>PAY_AMT6</th>\n",
       "      <td>0.001567</td>\n",
       "      <td>0.218140</td>\n",
       "      <td>-0.003797</td>\n",
       "      <td>-0.037872</td>\n",
       "      <td>-0.002401</td>\n",
       "      <td>0.022430</td>\n",
       "      <td>-0.055712</td>\n",
       "      <td>-0.033829</td>\n",
       "      <td>-0.034050</td>\n",
       "      <td>-0.026423</td>\n",
       "      <td>-0.022649</td>\n",
       "      <td>-0.023857</td>\n",
       "      <td>0.183097</td>\n",
       "      <td>0.176821</td>\n",
       "      <td>0.185783</td>\n",
       "      <td>0.183790</td>\n",
       "      <td>0.165296</td>\n",
       "      <td>0.116678</td>\n",
       "      <td>0.188280</td>\n",
       "      <td>0.156789</td>\n",
       "      <td>0.168699</td>\n",
       "      <td>0.155415</td>\n",
       "      <td>0.155918</td>\n",
       "      <td>1.000000</td>\n",
       "      <td>-0.050924</td>\n",
       "    </tr>\n",
       "    <tr>\n",
       "      <th>DEFAULT</th>\n",
       "      <td>-0.013163</td>\n",
       "      <td>-0.150709</td>\n",
       "      <td>-0.042947</td>\n",
       "      <td>0.026885</td>\n",
       "      <td>-0.024888</td>\n",
       "      <td>0.013450</td>\n",
       "      <td>0.323410</td>\n",
       "      <td>0.259680</td>\n",
       "      <td>0.234374</td>\n",
       "      <td>0.216989</td>\n",
       "      <td>0.206612</td>\n",
       "      <td>0.189304</td>\n",
       "      <td>-0.017452</td>\n",
       "      <td>-0.012030</td>\n",
       "      <td>-0.011895</td>\n",
       "      <td>-0.007834</td>\n",
       "      <td>-0.003082</td>\n",
       "      <td>-0.002574</td>\n",
       "      <td>-0.070321</td>\n",
       "      <td>-0.055658</td>\n",
       "      <td>-0.053787</td>\n",
       "      <td>-0.058028</td>\n",
       "      <td>-0.056323</td>\n",
       "      <td>-0.050924</td>\n",
       "      <td>1.000000</td>\n",
       "    </tr>\n",
       "  </tbody>\n",
       "</table>\n",
       "</div>"
      ],
      "text/plain": [
       "                 ID  LIMIT_BAL       SEX  EDUCATION  MARRIAGE       AGE  \\\n",
       "ID         1.000000   0.024071  0.018563   0.039702 -0.024306  0.016926   \n",
       "LIMIT_BAL  0.024071   1.000000  0.021180  -0.218270 -0.101714  0.144507   \n",
       "SEX        0.018563   0.021180  1.000000   0.012263 -0.026336 -0.101431   \n",
       "EDUCATION  0.039702  -0.218270  0.012263   1.000000 -0.145358  0.176561   \n",
       "MARRIAGE  -0.024306  -0.101714 -0.026336  -0.145358  1.000000 -0.416894   \n",
       "AGE        0.016926   0.144507 -0.101431   0.176561 -0.416894  1.000000   \n",
       "PAY_1     -0.024206  -0.268426 -0.055700   0.104571  0.019407 -0.042074   \n",
       "PAY_2     -0.003334  -0.294676 -0.069304   0.119802  0.022402 -0.048828   \n",
       "PAY_3     -0.012964  -0.284380 -0.068161   0.110544  0.033555 -0.052082   \n",
       "PAY_4     -0.000423  -0.265448 -0.060089   0.106165  0.032382 -0.048990   \n",
       "PAY_5     -0.019874  -0.247575 -0.053890   0.095527  0.036423 -0.057105   \n",
       "PAY_6     -0.014592  -0.233043 -0.045049   0.078108  0.035385 -0.053873   \n",
       "BILL_AMT1  0.025850   0.280714 -0.029638   0.023352 -0.022476  0.057860   \n",
       "BILL_AMT2  0.023956   0.274099 -0.029080   0.016922 -0.019796  0.055817   \n",
       "BILL_AMT3  0.028996   0.278666 -0.021676   0.011345 -0.023555  0.054577   \n",
       "BILL_AMT4  0.045557   0.290353 -0.019951  -0.000030 -0.020691  0.052435   \n",
       "BILL_AMT5  0.023100   0.290489 -0.013580  -0.008038 -0.024526  0.049805   \n",
       "BILL_AMT6  0.022590   0.286108 -0.013299  -0.009181 -0.019138  0.047265   \n",
       "PAY_AMT1   0.014663   0.193520  0.000644  -0.035289 -0.005835  0.026669   \n",
       "PAY_AMT2   0.008746   0.173436  0.001298  -0.031329 -0.006871  0.022704   \n",
       "PAY_AMT3   0.037264   0.205204 -0.010413  -0.040020 -0.001834  0.030798   \n",
       "PAY_AMT4   0.011369   0.199620  0.000425  -0.041435 -0.012067  0.020158   \n",
       "PAY_AMT5  -0.001051   0.218101 -0.000465  -0.040332 -0.000706  0.018961   \n",
       "PAY_AMT6   0.001567   0.218140 -0.003797  -0.037872 -0.002401  0.022430   \n",
       "DEFAULT   -0.013163  -0.150709 -0.042947   0.026885 -0.024888  0.013450   \n",
       "\n",
       "              PAY_1     PAY_2     PAY_3     PAY_4     PAY_5     PAY_6  \\\n",
       "ID        -0.024206 -0.003334 -0.012964 -0.000423 -0.019874 -0.014592   \n",
       "LIMIT_BAL -0.268426 -0.294676 -0.284380 -0.265448 -0.247575 -0.233043   \n",
       "SEX       -0.055700 -0.069304 -0.068161 -0.060089 -0.053890 -0.045049   \n",
       "EDUCATION  0.104571  0.119802  0.110544  0.106165  0.095527  0.078108   \n",
       "MARRIAGE   0.019407  0.022402  0.033555  0.032382  0.036423  0.035385   \n",
       "AGE       -0.042074 -0.048828 -0.052082 -0.048990 -0.057105 -0.053873   \n",
       "PAY_1      1.000000  0.671551  0.571972  0.539503  0.510225  0.472995   \n",
       "PAY_2      0.671551  1.000000  0.765295  0.660569  0.622181  0.576507   \n",
       "PAY_3      0.571972  0.765295  1.000000  0.778626  0.687794  0.634889   \n",
       "PAY_4      0.539503  0.660569  0.778626  1.000000  0.818549  0.716921   \n",
       "PAY_5      0.510225  0.622181  0.687794  0.818549  1.000000  0.815373   \n",
       "PAY_6      0.472995  0.576507  0.634889  0.716921  0.815373  1.000000   \n",
       "BILL_AMT1  0.190826  0.235201  0.207607  0.202837  0.207503  0.209373   \n",
       "BILL_AMT2  0.192881  0.235162  0.236877  0.226135  0.227797  0.228774   \n",
       "BILL_AMT3  0.183251  0.223533  0.226833  0.245822  0.243881  0.242757   \n",
       "BILL_AMT4  0.184385  0.223473  0.228636  0.247250  0.273299  0.268077   \n",
       "BILL_AMT5  0.185452  0.222790  0.226740  0.244604  0.271816  0.294056   \n",
       "BILL_AMT6  0.181012  0.221099  0.224067  0.240982  0.264483  0.287958   \n",
       "PAY_AMT1  -0.077027 -0.079226  0.004302 -0.007009 -0.004656 -0.001568   \n",
       "PAY_AMT2  -0.064965 -0.057988 -0.063477 -0.002460 -0.003471 -0.004180   \n",
       "PAY_AMT3  -0.064386 -0.051197 -0.047507 -0.068376  0.010366  0.006709   \n",
       "PAY_AMT4  -0.066933 -0.047229 -0.046759 -0.043696 -0.058308  0.021646   \n",
       "PAY_AMT5  -0.055933 -0.035467 -0.035829 -0.033070 -0.033591 -0.045611   \n",
       "PAY_AMT6  -0.055712 -0.033829 -0.034050 -0.026423 -0.022649 -0.023857   \n",
       "DEFAULT    0.323410  0.259680  0.234374  0.216989  0.206612  0.189304   \n",
       "\n",
       "           BILL_AMT1  BILL_AMT2  BILL_AMT3  BILL_AMT4  BILL_AMT5  BILL_AMT6  \\\n",
       "ID          0.025850   0.023956   0.028996   0.045557   0.023100   0.022590   \n",
       "LIMIT_BAL   0.280714   0.274099   0.278666   0.290353   0.290489   0.286108   \n",
       "SEX        -0.029638  -0.029080  -0.021676  -0.019951  -0.013580  -0.013299   \n",
       "EDUCATION   0.023352   0.016922   0.011345  -0.000030  -0.008038  -0.009181   \n",
       "MARRIAGE   -0.022476  -0.019796  -0.023555  -0.020691  -0.024526  -0.019138   \n",
       "AGE         0.057860   0.055817   0.054577   0.052435   0.049805   0.047265   \n",
       "PAY_1       0.190826   0.192881   0.183251   0.184385   0.185452   0.181012   \n",
       "PAY_2       0.235201   0.235162   0.223533   0.223473   0.222790   0.221099   \n",
       "PAY_3       0.207607   0.236877   0.226833   0.228636   0.226740   0.224067   \n",
       "PAY_4       0.202837   0.226135   0.245822   0.247250   0.244604   0.240982   \n",
       "PAY_5       0.207503   0.227797   0.243881   0.273299   0.271816   0.264483   \n",
       "PAY_6       0.209373   0.228774   0.242757   0.268077   0.294056   0.287958   \n",
       "BILL_AMT1   1.000000   0.950219   0.888416   0.862168   0.830750   0.802783   \n",
       "BILL_AMT2   0.950219   1.000000   0.924346   0.894234   0.861227   0.831912   \n",
       "BILL_AMT3   0.888416   0.924346   1.000000   0.922760   0.881058   0.850057   \n",
       "BILL_AMT4   0.862168   0.894234   0.922760   1.000000   0.939470   0.899059   \n",
       "BILL_AMT5   0.830750   0.861227   0.881058   0.939470   1.000000   0.945295   \n",
       "BILL_AMT6   0.802783   0.831912   0.850057   0.899059   0.945295   1.000000   \n",
       "PAY_AMT1    0.135452   0.277552   0.242581   0.231003   0.216162   0.198270   \n",
       "PAY_AMT2    0.094935   0.099875   0.322652   0.198060   0.169914   0.166230   \n",
       "PAY_AMT3    0.160871   0.155743   0.129066   0.295443   0.250492   0.233599   \n",
       "PAY_AMT4    0.148900   0.139022   0.136271   0.125399   0.287830   0.240701   \n",
       "PAY_AMT5    0.169956   0.157647   0.183845   0.159408   0.139852   0.307594   \n",
       "PAY_AMT6    0.183097   0.176821   0.185783   0.183790   0.165296   0.116678   \n",
       "DEFAULT    -0.017452  -0.012030  -0.011895  -0.007834  -0.003082  -0.002574   \n",
       "\n",
       "           PAY_AMT1  PAY_AMT2  PAY_AMT3  PAY_AMT4  PAY_AMT5  PAY_AMT6  \\\n",
       "ID         0.014663  0.008746  0.037264  0.011369 -0.001051  0.001567   \n",
       "LIMIT_BAL  0.193520  0.173436  0.205204  0.199620  0.218101  0.218140   \n",
       "SEX        0.000644  0.001298 -0.010413  0.000425 -0.000465 -0.003797   \n",
       "EDUCATION -0.035289 -0.031329 -0.040020 -0.041435 -0.040332 -0.037872   \n",
       "MARRIAGE  -0.005835 -0.006871 -0.001834 -0.012067 -0.000706 -0.002401   \n",
       "AGE        0.026669  0.022704  0.030798  0.020158  0.018961  0.022430   \n",
       "PAY_1     -0.077027 -0.064965 -0.064386 -0.066933 -0.055933 -0.055712   \n",
       "PAY_2     -0.079226 -0.057988 -0.051197 -0.047229 -0.035467 -0.033829   \n",
       "PAY_3      0.004302 -0.063477 -0.047507 -0.046759 -0.035829 -0.034050   \n",
       "PAY_4     -0.007009 -0.002460 -0.068376 -0.043696 -0.033070 -0.026423   \n",
       "PAY_5     -0.004656 -0.003471  0.010366 -0.058308 -0.033591 -0.022649   \n",
       "PAY_6     -0.001568 -0.004180  0.006709  0.021646 -0.045611 -0.023857   \n",
       "BILL_AMT1  0.135452  0.094935  0.160871  0.148900  0.169956  0.183097   \n",
       "BILL_AMT2  0.277552  0.099875  0.155743  0.139022  0.157647  0.176821   \n",
       "BILL_AMT3  0.242581  0.322652  0.129066  0.136271  0.183845  0.185783   \n",
       "BILL_AMT4  0.231003  0.198060  0.295443  0.125399  0.159408  0.183790   \n",
       "BILL_AMT5  0.216162  0.169914  0.250492  0.287830  0.139852  0.165296   \n",
       "BILL_AMT6  0.198270  0.166230  0.233599  0.240701  0.307594  0.116678   \n",
       "PAY_AMT1   1.000000  0.298655  0.259541  0.215472  0.146370  0.188280   \n",
       "PAY_AMT2   0.298655  1.000000  0.248686  0.193609  0.193218  0.156789   \n",
       "PAY_AMT3   0.259541  0.248686  1.000000  0.232655  0.159530  0.168699   \n",
       "PAY_AMT4   0.215472  0.193609  0.232655  1.000000  0.149288  0.155415   \n",
       "PAY_AMT5   0.146370  0.193218  0.159530  0.149288  1.000000  0.155918   \n",
       "PAY_AMT6   0.188280  0.156789  0.168699  0.155415  0.155918  1.000000   \n",
       "DEFAULT   -0.070321 -0.055658 -0.053787 -0.058028 -0.056323 -0.050924   \n",
       "\n",
       "            DEFAULT  \n",
       "ID        -0.013163  \n",
       "LIMIT_BAL -0.150709  \n",
       "SEX       -0.042947  \n",
       "EDUCATION  0.026885  \n",
       "MARRIAGE  -0.024888  \n",
       "AGE        0.013450  \n",
       "PAY_1      0.323410  \n",
       "PAY_2      0.259680  \n",
       "PAY_3      0.234374  \n",
       "PAY_4      0.216989  \n",
       "PAY_5      0.206612  \n",
       "PAY_6      0.189304  \n",
       "BILL_AMT1 -0.017452  \n",
       "BILL_AMT2 -0.012030  \n",
       "BILL_AMT3 -0.011895  \n",
       "BILL_AMT4 -0.007834  \n",
       "BILL_AMT5 -0.003082  \n",
       "BILL_AMT6 -0.002574  \n",
       "PAY_AMT1  -0.070321  \n",
       "PAY_AMT2  -0.055658  \n",
       "PAY_AMT3  -0.053787  \n",
       "PAY_AMT4  -0.058028  \n",
       "PAY_AMT5  -0.056323  \n",
       "PAY_AMT6  -0.050924  \n",
       "DEFAULT    1.000000  "
      ]
     },
     "execution_count": 132,
     "metadata": {},
     "output_type": "execute_result"
    }
   ],
   "source": [
    "import numpy as np # recall that \"np\" etc. -- are abbreviated names we gave to these packages for notational convenience\n",
    "import pandas as pd\n",
    "\n",
    "import matplotlib.pyplot as plt\n",
    "\n",
    "from sklearn.impute import SimpleImputer\n",
    "from sklearn.model_selection import train_test_split\n",
    "from sklearn.model_selection import GridSearchCV\n",
    "from sklearn.metrics import roc_curve, auc, roc_auc_score, classification_report, confusion_matrix, make_scorer\n",
    "from sklearn.linear_model import LogisticRegression\n",
    "from sklearn.tree import DecisionTreeClassifier\n",
    "from sklearn.ensemble import RandomForestClassifier, GradientBoostingClassifier\n",
    "\n",
    "import warnings\n",
    "warnings.filterwarnings(\"ignore\")\n",
    "\n",
    "import pandas as pd\n",
    "import os\n",
    "from os.path import curdir\n",
    "\n",
    "csv_path = os.path.join(curdir,'6722-credit-card-default-data_2.csv')\n",
    "print(csv_path)\n",
    "\n",
    "df = pd.read_csv(csv_path)\n",
    "\n",
    "df.corr() "
   ]
  },
  {
   "cell_type": "code",
   "execution_count": 133,
   "id": "820db8ae-19ca-4f4f-be62-72e6c9ef582d",
   "metadata": {
    "tags": []
   },
   "outputs": [
    {
     "data": {
